{"root_transform":{"rotation":[1.0,0.0,0.0,0.0],"scale":[1.0,1.0,1.0],"translation":[0.0,0.0,1.2999999523162842]},"bones":[{"parent":4294967295,"transform":{"rotation":[0.6125196814537048,0.7904554009437561,7.301801474568492e-8,9.422962676808311e-8],"scale":[1.0,0.9999999403953552,0.9999998807907104],"translation":[0.0,0.0551999993622303,-0.30414879322052]},"inverse_bind":[1.0,-3.55271401761368e-14,2.3841855067985307e-7,-0.0,2.3086992939624906e-7,-0.24963942170143127,-0.9683389067649841,0.0,5.951869752607308e-8,0.9683389067649841,-0.2496395707130432,-0.0,-7.201578000604059e-8,-0.9505413174629211,0.3020561635494232,1.0]},{"parent":0,"transform":{"rotation":[0.9979192614555359,-0.0644763931632042,3.1874212335280747e-14,-1.5372368267208003e-8],"scale":[1.0,1.0,0.9999999403953552],"translation":[2.6645352591003757e-15,0.1522194743156433,-1.4901161193847656e-8]},"inverse_bind":[1.0,-4.263257092186959e-14,2.3841863594498136e-7,-0.0,2.3660957992888143e-7,-0.12295364588499069,-0.9924125075340271,0.0,2.9314472627106625e-8,0.9924125075340271,-0.12295380979776382,-0.0,-3.7583490097858885e-8,-1.1324620246887207,0.1576365828514099,1.0]},{"parent":1,"transform":{"rotation":[0.9969951510429382,-0.07746415585279465,-2.0044242720967335e-15,-1.8468893969725286e-8],"scale":[1.0,0.9999999403953552,0.9999999403953552],"translation":[-6.245004513516506e-16,0.1366366595029831,2.6193447411060333e-9]},"inverse_bind":[1.0,-4.8849823247902255e-14,2.3841863594498136e-7,-0.0,2.3829792894503043e-7,0.031812749803066254,-0.9994939565658569,0.0,-7.584713301866941e-9,0.9994940161705017,0.03181259334087372,-0.0,9.604400830198756e-9,-1.27821683883667,-0.04028377681970596,1.0]},{"parent":2,"transform":{"rotation":[0.9999986886978149,0.0016271488275378942,-1.1920913323137938e-7,1.9397108919072537e-10],"scale":[1.0,1.0,1.0],"translation":[8.881784197001252e-16,0.17288750410079956,-3.725290298461914e-9]},"inverse_bind":[1.0,-4.827184184601381e-14,4.127076894751454e-14,-0.0,-0.0,0.028559932485222816,-0.999592125415802,0.0,0.0,0.9995921850204468,0.02855977602303028,-0.0,-0.0,-1.4512277841567993,-0.03556124120950699,1.0]},{"parent":3,"transform":{"rotation":[0.9906062483787537,0.13674543797969818,1.1808946709379597e-7,1.630132651087024e-8],"scale":[1.0,1.0,1.0],"translation":[0.0,0.19257846474647522,-9.313225746154785e-10]},"inverse_bind":[1.0,-3.19744264973363e-14,2.3841863594498136e-7,-0.0,2.3125321035877278e-7,-0.24331943690776825,-0.9699462652206421,0.0,5.801190994247918e-8,0.9699462056159973,-0.2433195859193802,-0.0,-9.80166419140005e-8,-1.5919643640518188,0.41111159324645996,1.0]},{"parent":4,"transform":{"rotation":[0.9949273467063904,-0.100596122443676,-1.1716776366407083e-14,-2.3983982799791193e-8],"scale":[1.0,0.9999998807907104,0.9999999403953552],"translation":[-6.8833827526759706e-15,0.06340553611516953,2.8870999813079834e-8]},"inverse_bind":[1.0,-4.085621408246934e-14,2.3841860752327193e-7,-0.0,2.381851516020106e-7,-0.044239096343517303,-0.999021053314209,0.0,1.0547460682630572e-8,0.999021053314209,-0.044239260256290436,-0.0,-1.7030924226446587e-8,-1.7041597366333008,0.07143288105726242,1.0]},{"parent":5,"transform":{"rotation":[0.9997552037239075,-0.02212504670023918,-1.1918010045519623e-7,-2.63751109841337e-9],"scale":[1.0,0.9999999403953552,1.0],"translation":[1.1102230246251565e-15,0.061660174280405045,-3.725290298461914e-9]},"inverse_bind":[1.0,-4.352075611783329e-14,5.684342563707159e-14,-0.0,-0.0,1.6391280155403365e-7,-1.0000001192092896,0.0,0.0,1.0000001192092896,3.725291186640334e-9,-0.0,-0.0,-1.7672513723373413,-0.0067556207068264484,1.0]},{"parent":3,"transform":{"rotation":[0.6223627328872681,-0.6051545739173889,-0.34586241841316223,-0.35613447427749634],"scale":[1.0,1.0,0.9999999403953552],"translation":[0.018300000578165054,0.1372210830450058,0.0782509371638298]},"inverse_bind":[0.5070948004722595,0.8618901371955872,0.0005290309200063348,-0.0,-0.8618903160095215,0.5070948004722595,0.00022581664961762726,0.0,-0.00007380956230917946,-0.0005704521317966282,1.0,-0.0,-0.06811569631099701,0.0198203157633543,-1.5910453796386719,1.0]},{"parent":7,"transform":{"rotation":[0.6451277732849121,0.19565615057945251,0.716871440410614,-0.17783185839653015],"scale":[1.0,1.0,1.0],"translation":[0.04008886218070984,0.20259757339954376,-0.002437122631818056]},"inverse_bind":[-0.002682493533939123,0.9999897480010986,-0.0036398733500391245,-0.0,0.10415541380643845,-0.0033406640868633986,-0.9945554137229919,0.0,-0.9945575594902039,-0.003047022968530655,-0.10414551943540573,0.0,1.5804448127746582,-0.20840276777744293,0.16599546372890472,1.0]},{"parent":8,"transform":{"rotation":[0.9956362843513489,0.004030483774840832,-0.09319854527711868,0.0024999496527016163],"scale":[1.0000001192092896,0.9999999403953552,1.0],"translation":[1.9615981727838516e-8,0.3009363114833832,-4.656612873077393e-10]},"inverse_bind":[0.0009153333376161754,0.9999326467514038,-0.01157043781131506,-0.0,-0.08226271718740463,-0.011455903761088848,-0.9965447783470154,0.0,-0.9966103434562683,0.001863963552750647,0.08224660158157349,-0.0,1.5816259384155273,-0.5171162486076355,-0.12584136426448822,1.0]},{"parent":9,"transform":{"rotation":[0.9995565414428711,-0.010208982974290848,0.025646613910794258,-0.011169925332069397],"scale":[1.0,1.0,1.0000001192092896],"translation":[-6.257323548197746e-8,0.2977697253227234,7.916241884231567e-9]},"inverse_bind":[-0.021347571164369583,0.9997374415397644,0.008328966796398163,-0.0,-0.031006120145320892,0.007664852775633335,-0.9994897246360779,0.0,-0.9992913007736206,-0.021594952791929245,0.030834244564175606,-0.0,1.6041971445083618,-0.7773829698562622,-0.06036220118403435,1.0]},{"parent":3,"transform":{"rotation":[0.6223627328872681,-0.6051545739173889,0.34586241841316223,0.35613447427749634],"scale":[1.0,1.0,0.9999999403953552],"translation":[-0.018300000578165054,0.1372210830450058,0.0782509297132492]},"inverse_bind":[0.5070948004722595,-0.8618901371955872,-0.0005290309200063348,-0.0,0.8618903160095215,0.5070948004722595,0.00022581664961762726,-0.0,0.00007380956230917946,-0.0005704521317966282,1.0,-0.0,0.06811569631099701,0.0198203157633543,-1.5910453796386719,1.0]},{"parent":11,"transform":{"rotation":[0.6451277732849121,0.19565615057945251,-0.716871440410614,0.17783185839653015],"scale":[1.0,1.0,1.0],"translation":[-0.04008886218070984,0.20259757339954376,-0.002437122631818056]},"inverse_bind":[-0.002682493533939123,-0.9999897480010986,0.0036398733500391245,0.0,-0.10415541380643845,-0.0033406640868633986,-0.9945554137229919,0.0,0.9945575594902039,-0.003047022968530655,-0.10414551943540573,-0.0,-1.5804448127746582,-0.20840276777744293,0.16599546372890472,1.0]},{"parent":12,"transform":{"rotation":[0.9956362843513489,0.004030483774840832,0.09319854527711868,-0.0024999496527016163],"scale":[1.0000001192092896,0.9999999403953552,1.0],"translation":[-1.9615981727838516e-8,0.3009363114833832,-4.656612873077393e-10]},"inverse_bind":[0.0009153333376161754,-0.9999326467514038,0.01157043781131506,-0.0,0.08226271718740463,-0.011455903761088848,-0.9965447783470154,0.0,0.9966103434562683,0.001863963552750647,0.08224660158157349,-0.0,-1.5816259384155273,-0.5171162486076355,-0.12584136426448822,1.0]},{"parent":13,"transform":{"rotation":[0.9995565414428711,-0.010208982974290848,-0.025646613910794258,0.011169925332069397],"scale":[1.0,1.0,1.0000001192092896],"translation":[6.257323548197746e-8,0.2977697253227234,7.916241884231567e-9]},"inverse_bind":[-0.021347571164369583,-0.9997374415397644,-0.008328966796398163,0.0,0.031006120145320892,0.007664852775633335,-0.9994897246360779,0.0,0.9992913007736206,-0.021594952791929245,0.030834244564175606,-0.0,-1.6041971445083618,-0.7773829698562622,-0.06036220118403435,1.0]},{"parent":3,"transform":{"rotation":[3.046404017936766e-8,3.1346878870408545e-8,0.6969361305236816,0.7171331644058228],"scale":[1.0,0.9999996423721313,0.9999999403953552],"translation":[0.11840000003576279,-0.00488096009939909,-0.04275684803724289]},"inverse_bind":[-1.0,3.318764534021579e-14,8.7422719730057e-8,0.0,1.6283767953831352e-15,-1.0000004768371582,1.8626462150450607e-8,-0.0,8.742277657347586e-8,-2.4773194695626444e-7,1.000000238418579,-0.0,0.11839986592531204,0.048500385135412216,-1.4455513954162598,1.0]},{"parent":3,"transform":{"rotation":[3.046404017936766e-8,3.1346878870408545e-8,0.6969361305236816,0.7171331644058228],"scale":[1.0,0.9999996423721313,0.9999999403953552],"translation":[-0.11840000003576279,-0.00488096009939909,-0.04275684803724289]},"inverse_bind":[-1.0,3.318764534021579e-14,8.7422719730057e-8,0.0,1.6283767953831352e-15,-1.0000004768371582,1.8626462150450607e-8,-0.0,8.742277657347586e-8,-2.4773194695626444e-7,1.000000238418579,-0.0,-0.11840011924505234,0.048500385135412216,-1.4455513954162598,1.0]},{"parent":0,"transform":{"rotation":[0.5156269669532776,-0.1524551510810852,-0.7933308482170105,-0.28550392389297485],"scale":[1.0,1.000000238418579,1.0],"translation":[2.6645352591003757e-15,2.1420419216156006e-8,7.450580596923828e-9]},"inverse_bind":[-0.42177221179008484,0.5363218784332275,-0.7310725450515747,0.0,-0.8634056448936462,-0.48375067114830017,0.14323395490646362,0.0,-0.27683743834495544,0.6916240453720093,0.6670960783958435,-0.0,0.32334890961647034,-0.6620516180992126,-0.6722348928451538,1.0]},{"parent":0,"transform":{"rotation":[0.5156272053718567,-0.15245525538921356,0.7933306694030762,0.28550392389297485],"scale":[1.0,1.0000001192092896,1.0],"translation":[2.6645352591003757e-15,2.1420419216156006e-8,7.450580596923828e-9]},"inverse_bind":[-0.42177218198776245,-0.5363218188285828,0.7310724258422852,-0.0,0.8634055852890015,-0.48375070095062256,0.14323392510414124,0.0,0.27683743834495544,0.6916239857673645,0.6670960783958435,-0.0,-0.32334890961647034,-0.6620515584945679,-0.6722349524497986,1.0]},{"parent":0,"transform":{"rotation":[0.16367179155349731,0.9865148663520813,-1.5792847918305597e-8,1.1698447366370601e-7],"scale":[1.0,0.9999998807907104,0.9999971389770508],"translation":[0.09799998998641968,0.0708184614777565,0.025942303240299225]},"inverse_bind":[1.0,7.538652369021293e-9,-1.2651030396881868e-12,-0.0,5.762276766851926e-10,-0.0764409750699997,0.9970771074295044,0.0,7.516335109869487e-9,-0.9970743060112,-0.07644009590148926,-0.0,-0.09800001233816147,1.0558037757873535,0.06850612908601761,1.0]},{"parent":19,"transform":{"rotation":[0.9964706301689148,0.08394231647253036,3.163888318002961e-10,3.755891597734262e-9],"scale":[1.0,1.0,1.0],"translation":[-3.5348812765789717e-9,0.5363694429397583,-5.588059348582419e-9]},"inverse_bind":[1.0,4.527436165227029e-14,-1.303366594339328e-12,-0.0,-2.066676323280478e-15,0.09143942594528198,0.9958136677742004,0.0,4.137646362449706e-16,-0.9958106875419617,0.09143981337547302,-0.0,-0.09800000488758087,0.5235746502876282,-0.019356567412614822,1.0]},{"parent":20,"transform":{"rotation":[0.6989994049072266,-0.7151222825050354,4.166383860138012e-7,-4.26248504936666e-7],"scale":[1.0,0.9999998807907104,0.9999998807907104],"translation":[-1.3877787807814457e-17,0.48994123935699463,3.725162622814082e-9]},"inverse_bind":[1.0,1.3500356431730975e-12,0.0000011920997167180758,-0.0,-8.19107555116716e-8,-0.9976397156715393,0.06871134042739868,0.0,0.000001189282215818821,-0.06871183216571808,-0.9976367354393005,-0.0,-0.09800004959106445,0.018584707751870155,0.034065891057252884,1.0]},{"parent":21,"transform":{"rotation":[7.90286208030011e-7,1.3796616293859643e-8,0.999409019947052,-0.0343758799135685],"scale":[1.0,1.0,1.0],"translation":[-4.093414052164235e-9,0.08287956565618515,1.3417817967820156e-9]},"inverse_bind":[-1.0,1.3146922786533288e-12,3.8940737567827455e-7,0.0,2.9013241665382626e-15,-1.0000030994415283,7.45060457774116e-9,-0.0,3.8940794411246316e-7,-6.929062124072516e-7,1.000000238418579,-0.0,0.09799998998641968,-0.06648360192775726,-0.029567761346697807,1.0]},{"parent":21,"transform":{"rotation":[0.024308010935783386,0.7066888809204102,0.7066888809204102,-0.02430715411901474],"scale":[1.0,1.0,1.0],"translation":[-0.038000062108039856,-0.026241643354296684,0.05123542621731758]},"inverse_bind":[1.2807245264312428e-9,1.0,1.8575523341723965e-8,-0.0,-1.0000030994415283,1.277927874632212e-9,4.6193750335987716e-7,0.0,-2.3096875167993858e-7,-1.857597808907485e-8,1.000000238418579,-0.0,0.045900147408246994,-0.06000000610947609,0.014048794284462929,1.0]},{"parent":0,"transform":{"rotation":[0.16367179155349731,0.9865148663520813,-1.5792847918305597e-8,1.1698447366370601e-7],"scale":[1.0,0.9999998807907104,0.9999971389770508],"translation":[-0.09800000488758087,0.0708184614777565,0.025942254811525345]},"inverse_bind":[1.0,7.538652369021293e-9,-1.2651030396881868e-12,-0.0,5.762276766851926e-10,-0.0764409750699997,0.9970771074295044,0.0,7.516335109869487e-9,-0.9970743060112,-0.07644009590148926,-0.0,0.09799998998641968,1.0558037757873535,0.06850612908601761,1.0]},{"parent":24,"transform":{"rotation":[0.9964706301689148,0.08394231647253036,3.163888318002961e-10,3.755891597734262e-9],"scale":[1.0,1.0,1.0],"translation":[3.9156993203448565e-9,0.5363694429397583,-5.587811546803323e-9]},"inverse_bind":[1.0,4.527436165227029e-14,-1.303366594339328e-12,-0.0,-2.066676323280478e-15,0.09143942594528198,0.9958136677742004,0.0,4.137646362449706e-16,-0.9958106875419617,0.09143981337547302,-0.0,0.09799998998641968,0.5235746502876282,-0.019356567412614822,1.0]},{"parent":25,"transform":{"rotation":[0.6989994049072266,-0.7151222825050354,-4.1663844285722007e-7,4.26248504936666e-7],"scale":[1.0,0.9999998807907104,0.9999998807907104],"translation":[-1.3877787807814457e-17,0.48994123935699463,3.725418196154351e-9]},"inverse_bind":[1.0,1.2576647622636328e-12,-0.0000011920997167180758,-0.0,8.19107555116716e-8,-0.9976397156715393,0.06871134042739868,0.0,-0.000001189282215818821,-0.06871183216571808,-0.9976367354393005,0.0,0.09800003468990326,0.018584707751870155,0.034065891057252884,1.0]},{"parent":26,"transform":{"rotation":[7.90286208030011e-7,1.3796617182038062e-8,-0.999409019947052,0.0343758799135685],"scale":[1.0,1.0,1.0],"translation":[4.093414052164235e-9,0.08287956565618515,1.3417604804999428e-9]},"inverse_bind":[-1.0,1.278796621546896e-12,-3.8940760305195e-7,-0.0,-2.9013241665382626e-15,-1.0000030994415283,7.45060457774116e-9,0.0,-3.8940794411246316e-7,-6.929062124072516e-7,1.000000238418579,-0.0,-0.09799997508525848,-0.06648360192775726,-0.029567761346697807,1.0]},{"parent":26,"transform":{"rotation":[0.024308010935783386,0.7066888809204102,-0.7066888809204102,0.02430715411901474],"scale":[1.0,1.0,1.0],"translation":[0.038000062108039856,-0.026241643354296684,0.05123542621731758]},"inverse_bind":[1.2781310454457184e-9,-1.0,-1.857575071539941e-8,-0.0,1.0000030994415283,1.277927874632212e-9,4.6193750335987716e-7,0.0,2.3096875167993858e-7,-1.857597808907485e-8,1.000000238418579,-0.0,-0.045900147408246994,-0.059999991208314896,0.014048794284462929,1.0]}]}