{"bones":[{"parent":4294967295,"transform":{"rotation":[0.6125196814537048,0.7904554009437561,7.301801474568492e-8,9.422962676808311e-8],"scale":[1.0,0.9999999403953552,0.9999998807907104],"translation":[0.0,0.0551999993622303,-0.30414879322052]},"inverse_bind":[1.0,-3.55271401761368e-14,2.3841855067985307e-7,-0.0,2.3086992939624906e-7,-0.24963942170143127,-0.9683389067649841,0.0,5.951869752607308e-8,0.9683389067649841,-0.2496395707130432,-0.0,5.358520294151958e-9,0.30829918384552,-0.022475263103842735,1.0]},{"parent":0,"transform":{"rotation":[0.9979192614555359,-0.0644763931632042,3.1874212335280747e-14,-1.5372368267208003e-8],"scale":[1.0,1.0,0.9999999403953552],"translation":[4.440892098500626e-16,0.15221944451332092,1.862645149230957e-9]},"inverse_bind":[1.0,-4.263257092186959e-14,2.3841863594498136e-7,-0.0,2.3660957992888143e-7,-0.12295364588499069,-0.9924125075340271,0.0,2.9314472627106625e-8,0.9924125075340271,-0.12295380979776382,-0.0,5.253225632273484e-10,0.15767425298690796,-0.0022033625282347202,1.0]},{"parent":1,"transform":{"rotation":[0.9969951510429382,-0.07746415585279465,-2.0044242720967335e-15,-1.8468893969725286e-8],"scale":[1.0,0.9999999403953552,0.9999999403953552],"translation":[2.636779683484747e-16,0.13663673400878906,-1.1059455573558807e-9]},"inverse_bind":[1.0,-4.8849823247902255e-14,2.3841863594498136e-7,-0.0,2.3829792894503043e-7,0.031812749803066254,-0.9994939565658569,0.0,-7.584713301866941e-9,0.9994940161705017,0.03181259334087372,-0.0,-2.5572660655726054e-10,0.021125374361872673,0.001072595128789544,1.0]},{"parent":2,"transform":{"rotation":[0.9999986886978149,0.0016271488275378942,-1.1920913323137938e-7,1.9397108919072537e-10],"scale":[1.0,1.0,1.0],"translation":[-5.551115123125783e-17,0.1728876233100891,2.3283064365386963e-10]},"inverse_bind":[1.0,-4.827184184601381e-14,4.127076894751454e-14,-0.0,-0.0,0.028559932485222816,-0.999592125415802,0.0,0.0,0.9995921850204468,0.02855977602303028,-0.0,-0.0,-0.15175794064998627,0.0015664680395275354,1.0]},{"parent":3,"transform":{"rotation":[0.9906062483787537,0.13674543797969818,1.1808946709379597e-7,1.630132651087024e-8],"scale":[1.0,1.0,1.0],"translation":[0.0,0.19257856905460358,2.3283064365386963e-10]},"inverse_bind":[1.0,-3.19744264973363e-14,2.3841863594498136e-7,-0.0,2.3125321035877278e-7,-0.24331943690776825,-0.9699462652206421,0.0,5.801190994247918e-8,0.9699462056159973,-0.2433195859193802,-0.0,-2.2601158278234834e-8,-0.3310343325138092,0.09479612857103348,1.0]},{"parent":4,"transform":{"rotation":[0.9949273467063904,-0.100596122443676,-1.1716776366407083e-14,-2.3983982799791193e-8],"scale":[1.0,0.9999998807907104,0.9999999403953552],"translation":[2.220446049250313e-16,0.06340556591749191,-9.313225746154785e-10]},"inverse_bind":[1.0,-4.085621408246934e-14,2.3841860752327193e-7,-0.0,2.381851516020106e-7,-0.044239096343517303,-0.999021053314209,0.0,1.0547460682630572e-8,0.999021053314209,-0.044239260256290436,-0.0,-3.319226227205263e-9,-0.4054322838783264,0.013921846635639668,1.0]},{"parent":5,"transform":{"rotation":[0.9997552037239075,-0.02212504670023918,-1.1918010045519623e-7,-2.63751109841337e-9],"scale":[1.0,0.9999999403953552,1.0],"translation":[2.220446049250313e-16,0.06166035309433937,9.313225746154785e-10]},"inverse_bind":[1.0,-4.352075611783329e-14,5.684342563707159e-14,-0.0,-0.0,1.6391280155403365e-7,-1.0000001192092896,0.0,0.0,1.0000001192092896,3.725291186640334e-9,-0.0,-0.0,-0.4672512412071228,-0.006755616050213575,1.0]},{"parent":3,"transform":{"rotation":[0.6223627328872681,-0.6051545739173889,-0.34586241841316223,-0.35613447427749634],"scale":[1.0,1.0,0.9999999403953552],"translation":[0.018300000578165054,0.13722112774848938,0.0782509371638298]},"inverse_bind":[0.5070948004722595,0.8618901371955872,0.0005290309200063348,-0.0,-0.8618903160095215,0.5070948004722595,0.00022581664961762726,0.0,-0.00007380956230917946,-0.0005704521317966282,1.0,-0.0,-0.0682116448879242,0.019078727811574936,-0.29104548692703247,1.0]},{"parent":7,"transform":{"rotation":[0.6451277732849121,0.19565615057945251,0.716871440410614,-0.17783185839653015],"scale":[1.0,1.0,1.0],"translation":[0.04008886590600014,0.20259757339954376,-0.0024371822364628315]},"inverse_bind":[-0.002682493533939123,0.9999897480010986,-0.0036398733500391245,-0.0,0.10415541380643845,-0.0033406640868633986,-0.9945554137229919,0.0,-0.9945575594902039,-0.003047022968530655,-0.10414551943540573,0.0,0.28752002120018005,-0.21236389875411987,0.03060629591345787,1.0]},{"parent":8,"transform":{"rotation":[0.9956362843513489,0.004030483774840832,-0.09319854527711868,0.0024999496527016163],"scale":[1.0000001192092896,0.9999999403953552,1.0],"translation":[1.9615981727838516e-8,0.3009363114833832,-2.3283064365386963e-9]},"inverse_bind":[0.0009153333376161754,0.9999326467514038,-0.01157043781131506,-0.0,-0.08226271718740463,-0.011455903761088848,-0.9965447783470154,0.0,-0.9966103434562683,0.001863963552750647,0.08224660158157349,-0.0,0.28603264689445496,-0.5146930813789368,-0.018920792266726494,1.0]},{"parent":9,"transform":{"rotation":[0.9995565414428711,-0.010208982974290848,0.025646613910794258,-0.011169925332069397],"scale":[1.0,1.0,1.0000001192092896],"translation":[2.6833731681108475e-8,0.2977697253227234,4.190951585769653e-9]},"inverse_bind":[-0.021347571164369583,0.9997374415397644,0.008328966796398163,-0.0,-0.031006120145320892,0.007664852775633335,-0.9994897246360779,0.0,-0.9992913007736206,-0.021594952791929245,0.030834244564175606,-0.0,0.3051184117794037,-0.8054564595222473,-0.020277682691812515,1.0]},{"parent":3,"transform":{"rotation":[0.6223627328872681,-0.6051545739173889,0.34586241841316223,0.35613447427749634],"scale":[1.0,1.0,0.9999999403953552],"translation":[-0.018300000578165054,0.13722112774848938,0.0782509371638298]},"inverse_bind":[0.5070948004722595,-0.8618901371955872,-0.0005290309200063348,-0.0,0.8618903160095215,0.5070948004722595,0.00022581664961762726,-0.0,0.00007380956230917946,-0.0005704521317966282,1.0,-0.0,0.0682116448879242,0.019078727811574936,-0.29104548692703247,1.0]},{"parent":11,"transform":{"rotation":[0.6451277732849121,0.19565615057945251,-0.716871440410614,0.17783185839653015],"scale":[1.0,1.0,1.0],"translation":[-0.04008886590600014,0.20259757339954376,-0.0024371822364628315]},"inverse_bind":[-0.002682493533939123,-0.9999897480010986,0.0036398733500391245,0.0,-0.10415541380643845,-0.0033406640868633986,-0.9945554137229919,0.0,0.9945575594902039,-0.003047022968530655,-0.10414551943540573,-0.0,-0.28752002120018005,-0.21236389875411987,0.03060629591345787,1.0]},{"parent":12,"transform":{"rotation":[0.9956362843513489,0.004030483774840832,0.09319854527711868,-0.0024999496527016163],"scale":[1.0000001192092896,0.9999999403953552,1.0],"translation":[-1.9615981727838516e-8,0.3009363114833832,-2.3283064365386963e-9]},"inverse_bind":[0.0009153333376161754,-0.9999326467514038,0.01157043781131506,-0.0,0.08226271718740463,-0.011455903761088848,-0.9965447783470154,0.0,0.9966103434562683,0.001863963552750647,0.08224660158157349,-0.0,-0.28603264689445496,-0.5146930813789368,-0.018920792266726494,1.0]},{"parent":13,"transform":{"rotation":[0.9995565414428711,-0.010208982974290848,-0.025646613910794258,0.011169925332069397],"scale":[1.0,1.0,1.0000001192092896],"translation":[-2.6833731681108475e-8,0.2977697253227234,4.190951585769653e-9]},"inverse_bind":[-0.021347571164369583,-0.9997374415397644,-0.008328966796398163,0.0,0.031006120145320892,0.007664852775633335,-0.9994897246360779,0.0,0.9992913007736206,-0.021594952791929245,0.030834244564175606,-0.0,-0.3051184117794037,-0.8054564595222473,-0.020277682691812515,1.0]},{"parent":3,"transform":{"rotation":[3.046404017936766e-8,3.1346878870408545e-8,0.6969361305236816,0.7171331644058228],"scale":[1.0,0.9999996423721313,0.9999999403953552],"translation":[0.11840000003576279,-0.004880930297076702,-0.04275684431195259]},"inverse_bind":[-1.0,3.318764534021579e-14,8.7422719730057e-8,0.0,1.6283767953831352e-15,-1.0000004768371582,1.8626462150450607e-8,-0.0,8.742277657347586e-8,-2.4773194695626444e-7,1.000000238418579,-0.0,0.118399977684021,0.04850006476044655,-0.14555124938488007,1.0]},{"parent":3,"transform":{"rotation":[3.046404017936766e-8,3.1346878870408545e-8,0.6969361305236816,0.7171331644058228],"scale":[1.0,0.9999996423721313,0.9999999403953552],"translation":[-0.11840000003576279,-0.004880930297076702,-0.04275684431195259]},"inverse_bind":[-1.0,3.318764534021579e-14,8.7422719730057e-8,0.0,1.6283767953831352e-15,-1.0000004768371582,1.8626462150450607e-8,-0.0,8.742277657347586e-8,-2.4773194695626444e-7,1.000000238418579,-0.0,-0.11840000748634338,0.04850006476044655,-0.14555121958255768,1.0]},{"parent":0,"transform":{"rotation":[0.5156269669532776,-0.1524551510810852,-0.7933308482170105,-0.28550392389297485],"scale":[1.0,1.000000238418579,1.0],"translation":[4.440892098500626e-16,-8.381903171539307e-9,1.862645149230957e-9]},"inverse_bind":[-0.42177221179008484,0.5363218784332275,-0.7310725450515747,0.0,-0.8634056448936462,-0.48375067114830017,0.14323395490646362,0.0,-0.27683743834495544,0.6916240453720093,0.6670960783958435,-0.0,-0.03653978928923607,0.23705966770648956,0.19498991966247559,1.0]},{"parent":0,"transform":{"rotation":[0.5156272053718567,-0.15245525538921356,0.7933306694030762,0.28550392389297485],"scale":[1.0,1.0000001192092896,1.0],"translation":[4.440892098500626e-16,-8.381903171539307e-9,1.862645149230957e-9]},"inverse_bind":[-0.42177218198776245,-0.5363218188285828,0.7310724258422852,-0.0,0.8634055852890015,-0.48375070095062256,0.14323392510414124,0.0,0.27683743834495544,0.6916239857673645,0.6670960783958435,-0.0,0.03653978928923607,0.23705965280532837,0.19498991966247559,1.0]},{"parent":0,"transform":{"rotation":[0.16367179155349731,0.9865148663520813,-1.5792847918305597e-8,1.1698447366370601e-7],"scale":[1.0,0.9999998807907104,0.9999971389770508],"translation":[0.09799998998641968,0.0708184465765953,0.025942301377654076]},"inverse_bind":[1.0,7.538652369021293e-9,-1.2651030396881868e-12,-0.0,5.762276766851926e-10,-0.0764409750699997,0.9970771074295044,0.0,7.516335109869487e-9,-0.9970743060112,-0.07644009590148926,-0.0,-0.09799999743700027,-0.24039271473884583,-0.0308659840375185,1.0]},{"parent":19,"transform":{"rotation":[0.9964706301689148,0.08394231647253036,3.163888318002961e-10,3.755891597734262e-9],"scale":[1.0,1.0,1.0],"translation":[1.5950445408918767e-9,0.5363694429397583,3.725166397572366e-9]},"inverse_bind":[1.0,4.527436165227029e-14,-1.303366594339328e-12,-0.0,-2.066676323280478e-15,0.09143942594528198,0.9958136677742004,0.0,4.137646362449706e-16,-0.9958106875419617,0.09143981337547302,-0.0,-0.09800000488758087,-0.7709791660308838,0.09951518476009369,1.0]},{"parent":20,"transform":{"rotation":[0.6989994049072266,-0.7151222825050354,4.166383860138012e-7,-4.26248504936666e-7],"scale":[1.0,0.9999998807907104,0.9999998807907104],"translation":[-5.551115123125783e-16,0.489941269159317,1.8625174735831251e-9]},"inverse_bind":[1.0,1.3500356431730975e-12,0.0000011920997167180758,-0.0,-8.19107555116716e-8,-0.9976397156715393,0.06871134042739868,0.0,0.000001189282215818821,-0.06871183216571808,-0.9976367354393005,-0.0,-0.09799849987030029,-0.07074067741632462,-1.2628618478775024,1.0]},{"parent":21,"transform":{"rotation":[7.90286208030011e-7,1.3796616293859643e-8,0.999409019947052,-0.0343758799135685],"scale":[1.0,1.0,1.0],"translation":[-4.395190877914956e-10,0.08287955820560455,-6.75760887247634e-8]},"inverse_bind":[-1.0,1.3146922786533288e-12,3.8940737567827455e-7,0.0,2.9013241665382626e-15,-1.0000030994415283,7.45060457774116e-9,-0.0,3.8940794411246316e-7,-6.929062124072516e-7,1.000000238418579,-0.0,0.09800049662590027,-0.06648450344800949,1.270432472229004,1.0]},{"parent":21,"transform":{"rotation":[0.024308010935783386,0.7066888809204102,0.7066888809204102,-0.02430715411901474],"scale":[1.0,1.0,1.0],"translation":[-0.038000062108039856,-0.02624165266752243,0.051235441118478775]},"inverse_bind":[1.2807245264312428e-9,1.0,1.8575523341723965e-8,-0.0,-1.0000030994415283,1.277927874632212e-9,4.6193750335987716e-7,0.0,-2.3096875167993858e-7,-1.857597808907485e-8,1.000000238418579,-0.0,0.04589984938502312,-0.06000003218650818,1.3140490055084229,1.0]},{"parent":0,"transform":{"rotation":[0.16367179155349731,0.9865148663520813,-1.5792847918305597e-8,1.1698447366370601e-7],"scale":[1.0,0.9999998807907104,0.9999971389770508],"translation":[-0.09800000488758087,0.0708184614777565,0.025942249223589897]},"inverse_bind":[1.0,7.538652369021293e-9,-1.2651030396881868e-12,-0.0,5.762276766851926e-10,-0.0764409750699997,0.9970771074295044,0.0,7.516335109869487e-9,-0.9970743060112,-0.07644009590148926,-0.0,0.09800000488758087,-0.24039269983768463,-0.030865982174873352,1.0]},{"parent":24,"transform":{"rotation":[0.9964706301689148,0.08394231647253036,3.163888318002961e-10,3.755891597734262e-9],"scale":[1.0,1.0,1.0],"translation":[9.045625581904915e-9,0.5363694429397583,5.588059348582419e-9]},"inverse_bind":[1.0,4.527436165227029e-14,-1.303366594339328e-12,-0.0,-2.066676323280478e-15,0.09143942594528198,0.9958136677742004,0.0,4.137646362449706e-16,-0.9958106875419617,0.09143981337547302,-0.0,0.09799998998641968,-0.7709791660308838,0.09951518476009369,1.0]},{"parent":25,"transform":{"rotation":[0.6989994049072266,-0.7151222825050354,-4.1663844285722007e-7,4.26248504936666e-7],"scale":[1.0,0.9999998807907104,0.9999998807907104],"translation":[-5.551115123125783e-16,0.489941269159317,1.862772824878789e-9]},"inverse_bind":[1.0,1.2576647622636328e-12,-0.0000011920997167180758,-0.0,8.19107555116716e-8,-0.9976397156715393,0.06871134042739868,0.0,-0.000001189282215818821,-0.06871183216571808,-0.9976367354393005,0.0,0.0979984849691391,-0.07074067741632462,-1.2628618478775024,1.0]},{"parent":26,"transform":{"rotation":[7.90286208030011e-7,1.3796617182038062e-8,-0.999409019947052,0.0343758799135685],"scale":[1.0,1.0,1.0],"translation":[4.395190877914956e-10,0.08287955820560455,-6.757611004104547e-8]},"inverse_bind":[-1.0,1.278796621546896e-12,-3.8940760305195e-7,-0.0,-2.9013241665382626e-15,-1.0000030994415283,7.45060457774116e-9,0.0,-3.8940794411246316e-7,-6.929062124072516e-7,1.000000238418579,-0.0,-0.09800048172473907,-0.06648450344800949,1.270432472229004,1.0]},{"parent":26,"transform":{"rotation":[0.024308010935783386,0.7066888809204102,-0.7066888809204102,0.02430715411901474],"scale":[1.0,1.0,1.0],"translation":[0.038000062108039856,-0.02624165266752243,0.051235441118478775]},"inverse_bind":[1.2781310454457184e-9,-1.0,-1.857575071539941e-8,-0.0,1.0000030994415283,1.277927874632212e-9,4.6193750335987716e-7,0.0,2.3096875167993858e-7,-1.857597808907485e-8,1.000000238418579,-0.0,-0.04589984938502312,-0.060000017285346985,1.3140490055084229,1.0]}]}