template: basic
properties:
  albedo: 18446744073230788632
  metallic: 0.200000
  roughness: 0.900000
