template: basic
properties:
  albedo: 18446744071905056910
  metallic: 0.700000
  roughness: 0.200000
